Comprehensive MLP Tuning (Early Stopping) Results (H2)
===========================================================

Top 20 Models:
            Layers  Batch  Drop     LR  Epochs  Val_Acc  Test_Acc
   (512, 256, 128)    128   0.4 0.0005      38 0.845000  0.881271
        (256, 128)    128   0.4 0.0005      94 0.858333  0.877926
    (256, 128, 64)    128   0.3 0.0010      53 0.856667  0.871237
   (512, 256, 128)    128   0.4 0.0010      32 0.858333  0.869565
        (256, 128)     64   0.5 0.0005      86 0.841667  0.869565
   (512, 256, 128)    128   0.3 0.0010      34 0.855000  0.867893
     (128, 64, 32)    128   0.3 0.0005      86 0.855000  0.866221
    (256, 128, 64)    128   0.5 0.0010      57 0.871667  0.864548
(128, 128, 64, 32)    128   0.3 0.0010      74 0.873333  0.864548
(128, 128, 64, 32)    128   0.4 0.0010      71 0.868333  0.862876
        (256, 128)    128   0.3 0.0010      47 0.846667  0.862876
(128, 128, 64, 32)     64   0.4 0.0005      98 0.840000  0.861204
    (256, 128, 64)    128   0.4 0.0010      69 0.865000  0.859532
     (128, 64, 32)    128   0.4 0.0005      89 0.840000  0.859532
        (256, 128)    128   0.4 0.0010      37 0.836667  0.856187
(128, 128, 64, 32)    128   0.3 0.0005      65 0.843333  0.856187
        (256, 128)     64   0.4 0.0010      35 0.831667  0.854515
   (512, 256, 128)    128   0.3 0.0005      46 0.853333  0.852843
        (256, 128)    128   0.5 0.0005      76 0.838333  0.852843
     (128, 64, 32)    128   0.5 0.0010      99 0.850000  0.852843

Full Results:
            Layers  Batch  Drop     LR  Epochs  Val_Acc  Test_Acc
   (512, 256, 128)    128   0.4 0.0005      38 0.845000  0.881271
        (256, 128)    128   0.4 0.0005      94 0.858333  0.877926
    (256, 128, 64)    128   0.3 0.0010      53 0.856667  0.871237
   (512, 256, 128)    128   0.4 0.0010      32 0.858333  0.869565
        (256, 128)     64   0.5 0.0005      86 0.841667  0.869565
   (512, 256, 128)    128   0.3 0.0010      34 0.855000  0.867893
     (128, 64, 32)    128   0.3 0.0005      86 0.855000  0.866221
    (256, 128, 64)    128   0.5 0.0010      57 0.871667  0.864548
(128, 128, 64, 32)    128   0.3 0.0010      74 0.873333  0.864548
(128, 128, 64, 32)    128   0.4 0.0010      71 0.868333  0.862876
        (256, 128)    128   0.3 0.0010      47 0.846667  0.862876
(128, 128, 64, 32)     64   0.4 0.0005      98 0.840000  0.861204
    (256, 128, 64)    128   0.4 0.0010      69 0.865000  0.859532
     (128, 64, 32)    128   0.4 0.0005      89 0.840000  0.859532
        (256, 128)    128   0.4 0.0010      37 0.836667  0.856187
(128, 128, 64, 32)    128   0.3 0.0005      65 0.843333  0.856187
        (256, 128)     64   0.4 0.0010      35 0.831667  0.854515
   (512, 256, 128)    128   0.3 0.0005      46 0.853333  0.852843
        (256, 128)    128   0.5 0.0005      76 0.838333  0.852843
     (128, 64, 32)    128   0.5 0.0010      99 0.850000  0.852843
   (512, 256, 128)     64   0.3 0.0010      15 0.836667  0.852843
   (512, 256, 128)    128   0.5 0.0005      73 0.861667  0.851171
    (256, 128, 64)     64   0.4 0.0005      77 0.833333  0.847826
     (128, 64, 32)    128   0.3 0.0010      45 0.843333  0.847826
     (128, 64, 32)    128   0.5 0.0005      96 0.820000  0.847826
    (256, 128, 64)     64   0.5 0.0010      54 0.826667  0.847826
(128, 128, 64, 32)     64   0.5 0.0010      53 0.820000  0.846154
    (256, 128, 64)    128   0.3 0.0005      71 0.843333  0.846154
    (256, 128, 64)    128   0.4 0.0005      91 0.860000  0.842809
     (128, 64, 32)    128   0.4 0.0010      94 0.855000  0.841137
    (256, 128, 64)     64   0.3 0.0005      55 0.843333  0.839465
(128, 128, 64, 32)     64   0.3 0.0010      48 0.818333  0.837793
        (256, 128)     64   0.5 0.0010      25 0.816667  0.837793
        (256, 128)     64   0.3 0.0010      28 0.823333  0.837793
        (256, 128)    128   0.5 0.0010      57 0.850000  0.834448
   (512, 256, 128)    128   0.5 0.0010      35 0.850000  0.824415
    (256, 128, 64)     64   0.5 0.0005      83 0.796667  0.822742
   (512, 256, 128)     64   0.4 0.0010      27 0.831667  0.821070
(128, 128, 64, 32)    128   0.4 0.0005      75 0.831667  0.821070
   (512, 256, 128)     64   0.3 0.0005      49 0.830000  0.814381
     (128, 64, 32)     64   0.3 0.0005      65 0.826667  0.811037
        (256, 128)    128   0.3 0.0005      70 0.850000  0.809365
(128, 128, 64, 32)     64   0.4 0.0010      42 0.833333  0.809365
    (256, 128, 64)    128   0.5 0.0005      58 0.825000  0.806020
        (256, 128)     64   0.4 0.0005      76 0.843333  0.804348
    (256, 128, 64)     64   0.3 0.0010      18 0.821667  0.799331
   (512, 256, 128)     64   0.5 0.0005      31 0.821667  0.792642
     (128, 64, 32)     64   0.3 0.0010      40 0.825000  0.790970
     (128, 64, 32)     64   0.5 0.0005      68 0.813333  0.789298
        (256, 128)     64   0.3 0.0005      39 0.816667  0.789298
     (128, 64, 32)     64   0.4 0.0005      52 0.808333  0.787625
(128, 128, 64, 32)     64   0.5 0.0005      73 0.806667  0.780936
   (512, 256, 128)     64   0.4 0.0005       9 0.770000  0.779264
     (128, 64, 32)     64   0.4 0.0010      16 0.770000  0.774247
    (256, 128, 64)     64   0.4 0.0010      15 0.785000  0.774247
   (512, 256, 128)     64   0.5 0.0010      16 0.808333  0.769231
(128, 128, 64, 32)     64   0.3 0.0005      45 0.728333  0.737458
     (128, 64, 32)     64   0.5 0.0010      20 0.755000  0.735786
(128, 128, 64, 32)    128   0.5 0.0005      11 0.523333  0.526756
(128, 128, 64, 32)    128   0.5 0.0010      13 0.540000  0.516722